   0.0000000e+00   0.0000000e+00   1.0000000e+06
   4.0000000e-03   7.7798906e-05   1.0000000e+06
   8.0000000e-03   1.5559781e-04   1.0000000e+06
   1.2000000e-02   2.3339670e-04   1.0000000e+06
   1.6000000e-02   3.1119557e-04   1.0000000e+06
   2.0000000e-02   3.8899438e-04   9.9999999e+05
   2.4000000e-02   4.6679304e-04   9.9999998e+05
   2.8000000e-02   5.4459130e-04   9.9999996e+05
   3.2000000e-02   6.2238854e-04   9.9999989e+05
   3.6000000e-02   7.0018317e-04   9.9999973e+05
   4.0000000e-02   7.7797108e-04   9.9999930e+05
   4.4000000e-02   8.5574173e-04   9.9999821e+05
   4.8000000e-02   9.3346804e-04   9.9999540e+05
   5.2000000e-02   1.0110804e-03   9.9998818e+05
   5.6000000e-02   1.0884002e-03   9.9996963e+05
   6.0000000e-02   1.1649680e-03   9.9992197e+05
   6.4000000e-02   1.2396044e-03   9.9979955e+05
   6.8000000e-02   1.3092787e-03   9.9948512e+05
   7.2000000e-02   1.3662075e-03   9.9867782e+05
   7.6000000e-02   1.3904066e-03   9.9660714e+05
   8.0000000e-02   1.3306172e-03   9.9130925e+05
   8.4000000e-02   1.0556932e-03   9.7784169e+05
   8.8000000e-02   2.3225224e-04   9.4416616e+05
   9.2000000e-02  -1.9733250e-03   8.6345449e+05
   9.6000000e-02  -7.5590118e-03   6.9001550e+05
   1.0000000e-01  -2.0818196e-02   4.0238554e+05
   1.0400000e-01  -3.6506150e-02   2.0699792e+05
   1.0800000e-01  -4.7094737e-02   1.2806880e+05
   1.1200000e-01  -5.4537806e-02   8.8794164e+04
   1.1600000e-01  -5.9807578e-02   6.6743614e+04
   1.2000000e-01  -6.3449903e-02   5.3447135e+04
   1.2400000e-01  -6.5793927e-02   4.5108068e+04
   1.2800000e-01  -6.7046081e-02   3.9778388e+04
   1.3200000e-01  -6.7338296e-02   3.6330687e+04
   1.3600000e-01  -6.6755920e-02   3.4057612e+04
   1.4000000e-01  -6.5355221e-02   3.2513532e+04
   1.4400000e-01  -6.3174421e-02   3.1427724e+04
   1.4800000e-01  -6.0240399e-02   3.0638586e+04
   1.5200000e-01  -5.6572691e-02   3.0048328e+04
   1.5600000e-01  -5.2185907e-02   2.9595937e+04
   1.6000000e-01  -4.7091246e-02   2.9241995e+04
   1.6400000e-01  -4.1297470e-02   2.8960178e+04
   1.6800000e-01  -3.4811555e-02   2.8732375e+04
   1.7200000e-01  -2.7639140e-02   2.8545796e+04
   1.7600000e-01  -1.9784844e-02   2.8391204e+04
   1.8000000e-01  -1.1252494e-02   2.8261794e+04
   1.8400000e-01  -2.0452925e-03   2.8152465e+04
   1.8800000e-01   7.8340531e-03   2.8059333e+04
   1.9200000e-01   1.8383238e-02   2.7979403e+04
   1.9600000e-01   2.9600283e-02   2.7910331e+04
   2.0000000e-01   4.1483478e-02   2.7850269e+04
   2.0400000e-01   5.4031338e-02   2.7797740e+04
   2.0800000e-01   6.7242561e-02   2.7751556e+04
   2.1200000e-01   8.1116004e-02   2.7710749e+04
   2.1600000e-01   9.5650657e-02   2.7674530e+04
   2.2000000e-01   1.1084562e-01   2.7642247e+04
   2.2400000e-01   1.2670010e-01   2.7613359e+04
   2.2800000e-01   1.4321338e-01   2.7587416e+04
   2.3200000e-01   1.6038482e-01   2.7564043e+04
   2.3600000e-01   1.7821384e-01   2.7542931e+04
   2.4000000e-01   1.9669991e-01   2.7523832e+04
   2.4400000e-01   2.1584256e-01   2.7506570e+04
   2.4800000e-01   2.3564137e-01   2.7491073e+04
   2.5200000e-01   2.5609595e-01   2.7477475e+04
   2.5600000e-01   2.7720597e-01   2.7466351e+04
   2.6000000e-01   2.9897115e-01   2.7459353e+04
   2.6400000e-01   3.2139131e-01   2.7460827e+04
   2.6800000e-01   3.4446650e-01   2.7482115e+04
   2.7200000e-01   3.6819724e-01   2.7553174e+04
   2.7600000e-01   3.9258528e-01   2.7754705e+04
   2.8000000e-01   4.1763563e-01   2.8309179e+04
   2.8400000e-01   4.4336200e-01   2.9845482e+04
   2.8800000e-01   4.6980242e-01   3.4193619e+04
   2.9200000e-01   4.9706454e-01   4.6887900e+04
   2.9600000e-01   5.2546258e-01   8.5785991e+04
   3.0000000e-01   5.5595945e-01   2.1702834e+05
   3.0400000e-01   5.7943914e-01   4.9681878e+05
   3.0800000e-01   5.9046285e-01   7.4547697e+05
   3.1200000e-01   5.9518598e-01   8.8823987e+05
   3.1600000e-01   5.9714256e-01   9.5415888e+05
   3.2000000e-01   5.9796435e-01   9.8174477e+05
   3.2400000e-01   5.9833426e-01   9.9281703e+05
   3.2800000e-01   5.9852635e-01   9.9718708e+05
   3.3200000e-01   5.9864880e-01   9.9890048e+05
   3.3600000e-01   5.9874405e-01   9.9957053e+05
   3.4000000e-01   5.9882865e-01   9.9983230e+05
   3.4400000e-01   5.9890911e-01   9.9993452e+05
   3.4800000e-01   5.9898795e-01   9.9997444e+05
   3.5200000e-01   5.9906615e-01   9.9999002e+05
   3.5600000e-01   5.9914411e-01   9.9999610e+05
   3.6000000e-01   5.9922197e-01   9.9999848e+05
   3.6400000e-01   5.9929979e-01   9.9999941e+05
   3.6800000e-01   5.9937760e-01   9.9999977e+05
   3.7200000e-01   5.9945541e-01   9.9999991e+05
   3.7600000e-01   5.9953321e-01   9.9999996e+05
   3.8000000e-01   5.9961101e-01   9.9999999e+05
   3.8400000e-01   5.9968880e-01   9.9999999e+05
   3.8800000e-01   5.9976660e-01   1.0000000e+06
   3.9200000e-01   5.9984440e-01   1.0000000e+06
   3.9600000e-01   5.9992220e-01   1.0000000e+06
   4.0000000e-01   6.0000000e-01   1.0000000e+06
