   0.0000000e+00   0.0000000e+00   1.0000000e+06
   4.0000000e-03   2.0700714e-04   1.0000000e+06
   8.0000000e-03   4.1401429e-04   1.0000000e+06
   1.2000000e-02   6.2102142e-04   1.0000000e+06
   1.6000000e-02   8.2802854e-04   1.0000000e+06
   2.0000000e-02   1.0350356e-03   9.9999999e+05
   2.4000000e-02   1.2420425e-03   9.9999999e+05
   2.8000000e-02   1.4490491e-03   9.9999996e+05
   3.2000000e-02   1.6560548e-03   9.9999991e+05
   3.6000000e-02   1.8630583e-03   9.9999977e+05
   4.0000000e-02   2.0700560e-03   9.9999940e+05
   4.4000000e-02   2.2770389e-03   9.9999846e+05
   4.8000000e-02   2.4839837e-03   9.9999605e+05
   5.2000000e-02   2.6908306e-03   9.9998983e+05
   5.6000000e-02   2.8974259e-03   9.9997387e+05
   6.0000000e-02   3.1033743e-03   9.9993283e+05
   6.4000000e-02   3.3076600e-03   9.9982736e+05
   6.8000000e-02   3.5076721e-03   9.9955629e+05
   7.2000000e-02   3.6967004e-03   9.9885982e+05
   7.6000000e-02   3.8575041e-03   9.9707157e+05
   8.0000000e-02   3.9458163e-03   9.9248807e+05
   8.4000000e-02   3.8481748e-03   9.8079222e+05
   8.8000000e-02   3.2750552e-03   9.5128611e+05
   9.2000000e-02   1.4960498e-03   8.7906111e+05
   9.6000000e-02  -3.2767320e-03   7.1693842e+05
   1.0000000e-01  -1.5056549e-02   4.2775148e+05
   1.0400000e-01  -2.8637215e-02   2.2305020e+05
   1.0800000e-01  -3.6721150e-02   1.4268761e+05
   1.1200000e-01  -4.1297686e-02   1.0577180e+05
   1.1600000e-01  -4.3280652e-02   8.8632520e+04
   1.2000000e-01  -4.3094324e-02   8.1255063e+04
   1.2400000e-01  -4.0921325e-02   7.7916478e+04
   1.2800000e-01  -3.6844301e-02   7.6149418e+04
   1.3200000e-01  -3.0906993e-02   7.5095642e+04
   1.3600000e-01  -2.3135489e-02   7.4415765e+04
   1.4000000e-01  -1.3546617e-02   7.3952241e+04
   1.4400000e-01  -2.1518529e-03   7.3622885e+04
   1.4800000e-01   1.1040652e-02   7.3381120e+04
   1.5200000e-01   2.6024911e-02   7.3198874e+04
   1.5600000e-01   4.2796415e-02   7.3058405e+04
   1.6000000e-01   6.1351684e-02   7.2948066e+04
   1.6400000e-01   8.1687989e-02   7.2859958e+04
   1.6800000e-01   1.0380315e-01   7.2788586e+04
   1.7200000e-01   1.2769539e-01   7.2730031e+04
   1.7600000e-01   1.5336328e-01   7.2681447e+04
   1.8000000e-01   1.8080560e-01   7.2640724e+04
   1.8400000e-01   2.1002134e-01   7.2606279e+04
   1.8800000e-01   2.4100967e-01   7.2576902e+04
   1.9200000e-01   2.7376983e-01   7.2551657e+04
   1.9600000e-01   3.0830122e-01   7.2529814e+04
   2.0000000e-01   3.4460330e-01   7.2510796e+04
   2.0400000e-01   3.8267558e-01   7.2494140e+04
   2.0800000e-01   4.2251766e-01   7.2479475e+04
   2.1200000e-01   4.6412917e-01   7.2466498e+04
   2.1600000e-01   5.0750981e-01   7.2454964e+04
   2.2000000e-01   5.5265926e-01   7.2444666e+04
   2.2400000e-01   5.9957730e-01   7.2435437e+04
   2.2800000e-01   6.4826368e-01   7.2427134e+04
   2.3200000e-01   6.9871819e-01   7.2419638e+04
   2.3600000e-01   7.5094067e-01   7.2412849e+04
   2.4000000e-01   8.0493092e-01   7.2406682e+04
   2.4400000e-01   8.6068881e-01   7.2401062e+04
   2.4800000e-01   9.1821420e-01   7.2395929e+04
   2.5200000e-01   9.7750695e-01   7.2391227e+04
   2.5600000e-01   1.0385670e+00   7.2386910e+04
   2.6000000e-01   1.1013941e+00   7.2382937e+04
   2.6400000e-01   1.1659883e+00   7.2379274e+04
   2.6800000e-01   1.2323494e+00   7.2375889e+04
   2.7200000e-01   1.3004775e+00   7.2372756e+04
   2.7600000e-01   1.3703723e+00   7.2369850e+04
   2.8000000e-01   1.4420338e+00   7.2367150e+04
   2.8400000e-01   1.5154620e+00   7.2364646e+04
   2.8800000e-01   1.5906568e+00   7.2362447e+04
   2.9200000e-01   1.6676181e+00   7.2363057e+04
   2.9600000e-01   1.7463460e+00   7.2419649e+04
   3.0000000e-01   1.8268418e+00   7.3734088e+04
   3.0400000e-01   1.8967733e+00   9.2627683e+04
   3.0800000e-01   1.9442433e+00   1.9862501e+05
   3.1200000e-01   1.9718756e+00   4.3868240e+05
   3.1600000e-01   1.9856129e+00   6.9391535e+05
   3.2000000e-01   1.9917732e+00   8.5884264e+05
   3.2400000e-01   1.9944392e+00   9.4047035e+05
   3.2800000e-01   1.9956316e+00   9.7593954e+05
   3.3200000e-01   1.9962284e+00   9.9044999e+05
   3.3600000e-01   1.9965888e+00   9.9623701e+05
   3.4000000e-01   1.9968560e+00   9.9852155e+05
   3.4400000e-01   1.9970866e+00   9.9941979e+05
   3.4800000e-01   1.9973029e+00   9.9977240e+05
   3.5200000e-01   1.9975136e+00   9.9991073e+05
   3.5600000e-01   1.9977220e+00   9.9996499e+05
   3.6000000e-01   1.9979296e+00   9.9998627e+05
   3.6400000e-01   1.9981368e+00   9.9999462e+05
   3.6800000e-01   1.9983439e+00   9.9999789e+05
   3.7200000e-01   1.9985509e+00   9.9999917e+05
   3.7600000e-01   1.9987579e+00   9.9999968e+05
   3.8000000e-01   1.9989650e+00   9.9999987e+05
   3.8400000e-01   1.9991720e+00   9.9999995e+05
   3.8800000e-01   1.9993790e+00   9.9999998e+05
   3.9200000e-01   1.9995860e+00   9.9999999e+05
   3.9600000e-01   1.9997930e+00   1.0000000e+06
   4.0000000e-01   2.0000000e+00   1.0000000e+06
