   0.0000000e+00   0.0000000e+00   1.0000000e+06
   4.0000000e-03   1.6323975e-04   1.0000000e+06
   8.0000000e-03   3.2647949e-04   1.0000000e+06
   1.2000000e-02   4.8971922e-04   1.0000000e+06
   1.6000000e-02   6.5295894e-04   1.0000000e+06
   2.0000000e-02   8.1619860e-04   9.9999999e+05
   2.4000000e-02   9.7943812e-04   9.9999999e+05
   2.8000000e-02   1.1426773e-03   9.9999996e+05
   3.2000000e-02   1.3059155e-03   9.9999991e+05
   3.6000000e-02   1.4691515e-03   9.9999976e+05
   4.0000000e-02   1.6323813e-03   9.9999937e+05
   4.4000000e-02   1.7955957e-03   9.9999839e+05
   4.8000000e-02   1.9587703e-03   9.9999586e+05
   5.2000000e-02   2.1218424e-03   9.9998937e+05
   5.6000000e-02   2.2846514e-03   9.9997267e+05
   6.0000000e-02   2.4467840e-03   9.9992976e+05
   6.4000000e-02   2.6071776e-03   9.9981945e+05
   6.8000000e-02   2.7631017e-03   9.9953595e+05
   7.2000000e-02   2.9075386e-03   9.9880758e+05
   7.6000000e-02   3.0224577e-03   9.9693766e+05
   8.0000000e-02   3.0615704e-03   9.9214656e+05
   8.4000000e-02   2.9062754e-03   9.7993264e+05
   8.8000000e-02   2.2542237e-03   9.4919621e+05
   9.2000000e-02   3.4455209e-04   8.7442968e+05
   9.6000000e-02  -4.6735443e-03   7.0884451e+05
   1.0000000e-01  -1.6899036e-02   4.2007737e+05
   1.0400000e-01  -3.1115346e-02   2.1803945e+05
   1.0800000e-01  -3.9958964e-02   1.3761844e+05
   1.1200000e-01  -4.5420666e-02   9.9207770e+04
   1.1600000e-01  -4.8451288e-02   7.9592883e+04
   1.2000000e-01  -4.9536386e-02   6.9734714e+04
   1.2400000e-01  -4.8919995e-02   6.4899636e+04
   1.2800000e-01  -4.6721802e-02   6.2360303e+04
   1.3200000e-01  -4.3004669e-02   6.0876454e+04
   1.3600000e-01  -3.7805326e-02   5.9932983e+04
   1.4000000e-01  -3.1147130e-02   5.9295711e+04
   1.4400000e-01  -2.3045855e-02   5.8845607e+04
   1.4800000e-01  -1.3512644e-02   5.8516537e+04
   1.5200000e-01  -2.5556422e-03   5.8269194e+04
   1.5600000e-01   9.8190272e-03   5.8078971e+04
   1.6000000e-01   2.3606655e-02   5.7929816e+04
   1.6400000e-01   3.8803550e-02   5.7810897e+04
   1.6800000e-01   5.5406768e-02   5.7714698e+04
   1.7200000e-01   7.3413926e-02   5.7635876e+04
   1.7600000e-01   9.2823076e-02   5.7570554e+04
   1.8000000e-01   1.1363260e-01   5.7515867e+04
   1.8400000e-01   1.3584114e-01   5.7469661e+04
   1.8800000e-01   1.5944756e-01   5.7430296e+04
   1.9200000e-01   1.8445088e-01   5.7396505e+04
   1.9600000e-01   2.1085026e-01   5.7367298e+04
   2.0000000e-01   2.3864498e-01   5.7341893e+04
   2.0400000e-01   2.6783442e-01   5.7319666e+04
   2.0800000e-01   2.9841802e-01   5.7300115e+04
   2.1200000e-01   3.3039530e-01   5.7282832e+04
   2.1600000e-01   3.6376583e-01   5.7267483e+04
   2.2000000e-01   3.9852923e-01   5.7253793e+04
   2.2400000e-01   4.3468517e-01   5.7241534e+04
   2.2800000e-01   4.7223333e-01   5.7230514e+04
   2.3200000e-01   5.1117344e-01   5.7220575e+04
   2.3600000e-01   5.5150527e-01   5.7211579e+04
   2.4000000e-01   5.9322858e-01   5.7203414e+04
   2.4400000e-01   6.3634318e-01   5.7195979e+04
   2.4800000e-01   6.8084888e-01   5.7189192e+04
   2.5200000e-01   7.2674551e-01   5.7182980e+04
   2.5600000e-01   7.7403293e-01   5.7177280e+04
   2.6000000e-01   8.2271097e-01   5.7172037e+04
   2.6400000e-01   8.7277953e-01   5.7167205e+04
   2.6800000e-01   9.2423848e-01   5.7162742e+04
   2.7200000e-01   9.7708770e-01   5.7158613e+04
   2.7600000e-01   1.0313271e+00   5.7154797e+04
   2.8000000e-01   1.0869566e+00   5.7151352e+04
   2.8400000e-01   1.1439761e+00   5.7149067e+04
   2.8800000e-01   1.2023855e+00   5.7155827e+04
   2.9200000e-01   1.2621850e+00   5.7252637e+04
   2.9600000e-01   1.3233770e+00   5.8314690e+04
   3.0000000e-01   1.3859878e+00   7.0321876e+04
   3.0400000e-01   1.4379498e+00   1.5498396e+05
   3.0800000e-01   1.4689939e+00   3.8112404e+05
   3.1200000e-01   1.4847181e+00   6.5096018e+05
   3.1600000e-01   1.4918019e+00   8.3637217e+05
   3.2000000e-01   1.4948353e+00   9.3055266e+05
   3.2400000e-01   1.4961495e+00   9.7188315e+05
   3.2800000e-01   1.4967677e+00   9.8884382e+05
   3.3200000e-01   1.4971097e+00   9.9560931e+05
   3.3600000e-01   1.4973430e+00   9.9827752e+05
   3.4000000e-01   1.4975337e+00   9.9932512e+05
   3.4400000e-01   1.4977077e+00   9.9973571e+05
   3.4800000e-01   1.4978752e+00   9.9989652e+05
   3.5200000e-01   1.4980401e+00   9.9995949e+05
   3.5600000e-01   1.4982039e+00   9.9998414e+05
   3.6000000e-01   1.4983674e+00   9.9999379e+05
   3.6400000e-01   1.4985308e+00   9.9999757e+05
   3.6800000e-01   1.4986941e+00   9.9999905e+05
   3.7200000e-01   1.4988573e+00   9.9999963e+05
   3.7600000e-01   1.4990206e+00   9.9999985e+05
   3.8000000e-01   1.4991838e+00   9.9999994e+05
   3.8400000e-01   1.4993470e+00   9.9999998e+05
   3.8800000e-01   1.4995103e+00   9.9999999e+05
   3.9200000e-01   1.4996735e+00   1.0000000e+06
   3.9600000e-01   1.4998368e+00   1.0000000e+06
   4.0000000e-01   1.5000000e+00   1.0000000e+06
