   0.0000000e+00   0.0000000e+00   1.0000000e+06
   4.0000000e-03   9.7844480e-05   1.0000000e+06
   8.0000000e-03   1.9568896e-04   1.0000000e+06
   1.2000000e-02   2.9353343e-04   1.0000000e+06
   1.6000000e-02   3.9137787e-04   1.0000000e+06
   2.0000000e-02   4.8922226e-04   9.9999999e+05
   2.4000000e-02   5.8706650e-04   9.9999998e+05
   2.8000000e-02   6.8491035e-04   9.9999996e+05
   3.2000000e-02   7.8275321e-04   9.9999990e+05
   3.6000000e-02   8.8059354e-04   9.9999974e+05
   4.0000000e-02   9.7842733e-04   9.9999932e+05
   4.4000000e-02   1.0762443e-03   9.9999826e+05
   4.8000000e-02   1.1740182e-03   9.9999552e+05
   5.2000000e-02   1.2716814e-03   9.9998850e+05
   5.6000000e-02   1.3690598e-03   9.9997045e+05
   6.0000000e-02   1.4657068e-03   9.9992407e+05
   6.4000000e-02   1.5604742e-03   9.9980491e+05
   6.8000000e-02   1.6504122e-03   9.9949877e+05
   7.2000000e-02   1.7279426e-03   9.9871259e+05
   7.6000000e-02   1.7736041e-03   9.9669549e+05
   8.0000000e-02   1.7374641e-03   9.9153248e+05
   8.4000000e-02   1.4917153e-03   9.7839734e+05
   8.8000000e-02   7.1120438e-04   9.4549692e+05
   9.2000000e-02  -1.4185005e-03   8.6633948e+05
   9.6000000e-02  -6.8568988e-03   6.9493116e+05
   1.0000000e-01  -1.9847110e-02   4.0701253e+05
   1.0400000e-01  -3.5151552e-02   2.0986933e+05
   1.0800000e-01  -4.5285548e-02   1.3039078e+05
   1.1200000e-01  -5.2216546e-02   9.1079266e+04
   1.1600000e-01  -5.6917680e-02   6.9309540e+04
   1.2000000e-01  -5.9927850e-02   5.6525201e+04
   1.2400000e-01  -6.1563523e-02   4.8849146e+04
   1.2800000e-01  -6.2014716e-02   4.4216221e+04
   1.3200000e-01  -6.1396116e-02   4.1375337e+04
   1.3600000e-01  -5.9778046e-02   3.9564526e+04
   1.4000000e-01  -5.7205333e-02   3.8353199e+04
   1.4400000e-01  -5.3707961e-02   3.7506046e+04
   1.4800000e-01  -4.9306902e-02   3.6891314e+04
   1.5200000e-01  -4.4017373e-02   3.6431656e+04
   1.5600000e-01  -3.7850753e-02   3.6079392e+04
   1.6000000e-01  -3.0815762e-02   3.5803837e+04
   1.6400000e-01  -2.2919221e-02   3.5584505e+04
   1.6800000e-01  -1.4166559e-02   3.5407291e+04
   1.7200000e-01  -4.5621633e-03   3.5262225e+04
   1.7600000e-01   5.8903750e-03   3.5142099e+04
   1.8000000e-01   1.7188082e-02   3.5041601e+04
   1.8400000e-01   2.9328471e-02   3.4956748e+04
   1.8800000e-01   4.2309440e-02   3.4884507e+04
   1.9200000e-01   5.6129202e-02   3.4822538e+04
   1.9600000e-01   7.0786223e-02   3.4769015e+04
   2.0000000e-01   8.6279177e-02   3.4722493e+04
   2.0400000e-01   1.0260691e-01   3.4681823e+04
   2.0800000e-01   1.1976842e-01   3.4646078e+04
   2.1200000e-01   1.3776282e-01   3.4614504e+04
   2.1600000e-01   1.5658933e-01   3.4586487e+04
   2.2000000e-01   1.7624726e-01   3.4561520e+04
   2.2400000e-01   1.9673598e-01   3.4539181e+04
   2.2800000e-01   2.1805495e-01   3.4519118e+04
   2.3200000e-01   2.4020366e-01   3.4501038e+04
   2.3600000e-01   2.6318168e-01   3.4484689e+04
   2.4000000e-01   2.8698859e-01   3.4469862e+04
   2.4400000e-01   3.1162402e-01   3.4456377e+04
   2.4800000e-01   3.3708765e-01   3.4444083e+04
   2.5200000e-01   3.6337918e-01   3.4432862e+04
   2.5600000e-01   3.9049831e-01   3.4422637e+04
   2.6000000e-01   4.1844480e-01   3.4413432e+04
   2.6400000e-01   4.4721843e-01   3.4405552e+04
   2.6800000e-01   4.7681899e-01   3.4400208e+04
   2.7200000e-01   5.0724635e-01   3.4401676e+04
   2.7600000e-01   5.3850056e-01   3.4425015e+04
   2.8000000e-01   5.7058218e-01   3.4524403e+04
   2.8400000e-01   6.0349368e-01   3.4900365e+04
   2.8800000e-01   6.3724437e-01   3.6318303e+04
   2.9200000e-01   6.7186934e-01   4.1800487e+04
   2.9600000e-01   7.0750430e-01   6.3816617e+04
   3.0000000e-01   7.4469426e-01   1.5821183e+05
   3.0400000e-01   7.7341106e-01   4.0958620e+05
   3.0800000e-01   7.8751249e-01   6.8070406e+05
   3.1200000e-01   7.9370992e-01   8.5453009e+05
   3.1600000e-01   7.9630632e-01   9.3926749e+05
   3.2000000e-01   7.9739932e-01   9.7562438e+05
   3.2400000e-01   7.9788892e-01   9.9037526e+05
   3.2800000e-01   7.9814026e-01   9.9622435e+05
   3.3200000e-01   7.9829814e-01   9.9852265e+05
   3.3600000e-01   7.9841944e-01   9.9942252e+05
   3.4000000e-01   7.9852646e-01   9.9977436e+05
   3.4400000e-01   7.9862788e-01   9.9991185e+05
   3.4800000e-01   7.9872712e-01   9.9996556e+05
   3.5200000e-01   7.9882552e-01   9.9998655e+05
   3.5600000e-01   7.9892357e-01   9.9999474e+05
   3.6000000e-01   7.9902150e-01   9.9999795e+05
   3.6400000e-01   7.9911938e-01   9.9999920e+05
   3.6800000e-01   7.9921724e-01   9.9999969e+05
   3.7200000e-01   7.9931509e-01   9.9999988e+05
   3.7600000e-01   7.9941293e-01   9.9999995e+05
   3.8000000e-01   7.9951078e-01   9.9999998e+05
   3.8400000e-01   7.9960862e-01   9.9999999e+05
   3.8800000e-01   7.9970647e-01   1.0000000e+06
   3.9200000e-01   7.9980431e-01   1.0000000e+06
   3.9600000e-01   7.9990216e-01   1.0000000e+06
   4.0000000e-01   8.0000000e-01   1.0000000e+06
