   0.0000000e+00   0.0000000e+00   1.0000000e+06
   1.0000000e-02   2.7160600e-05   9.9999999e+05
   2.0000000e-02   5.4319927e-05   9.9999993e+05
   3.0000000e-02   8.1469099e-05   9.9999948e+05
   4.0000000e-02   1.0853853e-04   9.9999595e+05
   5.0000000e-02   1.3498199e-04   9.9996824e+05
   6.0000000e-02   1.5651159e-04   9.9975070e+05
   7.0000000e-02   1.3947121e-04   9.9804482e+05
   8.0000000e-02  -1.8006495e-04   9.8476401e+05
   9.0000000e-02  -2.8568421e-03   8.8700683e+05
   1.0000000e-01  -2.3015396e-02   4.0510882e+05
   1.1000000e-01  -5.7932429e-02   1.0234014e+05
   1.2000000e-01  -7.7170587e-02   4.6564541e+04
   1.3000000e-01  -8.9359212e-02   2.7430189e+04
   1.4000000e-01  -9.7458682e-02   1.8701932e+04
   1.5000000e-01  -1.0281939e-01   1.4020771e+04
   1.6000000e-01  -1.0616559e-01   1.1235023e+04
   1.7000000e-01  -1.0792827e-01   9.4516462e+03
   1.8000000e-01  -1.0838335e-01   8.2454518e+03
   1.9000000e-01  -1.0771745e-01   7.3933704e+03
   2.0000000e-01  -1.0606239e-01   6.7696742e+03
   2.1000000e-01  -1.0351468e-01   6.2994421e+03
   2.2000000e-01  -1.0014707e-01   5.9359566e+03
   2.3000000e-01  -9.6015785e-02   5.6489513e+03
   2.4000000e-01  -9.1165238e-02   5.4181608e+03
   2.5000000e-01  -8.5631133e-02   5.2296203e+03
   2.6000000e-01  -7.9442641e-02   5.0734604e+03
   2.7000000e-01  -7.2623922e-02   4.9425478e+03
   2.8000000e-01  -6.5195231e-02   4.8316234e+03
   2.9000000e-01  -5.7173729e-02   4.7367402e+03
   3.0000000e-01  -4.8574095e-02   4.6548884e+03
   3.1000000e-01  -3.9408995e-02   4.5837394e+03
   3.2000000e-01  -2.9689435e-02   4.5214681e+03
   3.3000000e-01  -1.9425050e-02   4.4666271e+03
   3.4000000e-01  -8.6243241e-03   4.4180560e+03
   3.5000000e-01   2.7052271e-03   4.3748155e+03
   3.6000000e-01   1.4556914e-02   4.3361379e+03
   3.7000000e-01   2.6924753e-02   4.3013912e+03
   3.8000000e-01   3.9803367e-02   4.2700502e+03
   3.9000000e-01   5.3187909e-02   4.2416763e+03
   4.0000000e-01   6.7073988e-02   4.2159001e+03
   4.1000000e-01   8.1457615e-02   4.1924087e+03
   4.2000000e-01   9.6335158e-02   4.1709357e+03
   4.3000000e-01   1.1170329e-01   4.1512531e+03
   4.4000000e-01   1.2755897e-01   4.1331644e+03
   4.5000000e-01   1.4389941e-01   4.1164998e+03
   4.6000000e-01   1.6072201e-01   4.1011118e+03
   4.7000000e-01   1.7802440e-01   4.0868718e+03
   4.8000000e-01   1.9580437e-01   4.0736670e+03
   4.9000000e-01   2.1405990e-01   4.0613983e+03
   5.0000000e-01   2.3278906e-01   4.0499783e+03
   5.1000000e-01   2.5199011e-01   4.0393295e+03
   5.2000000e-01   2.7166138e-01   4.0293830e+03
   5.3000000e-01   2.9180135e-01   4.0200775e+03
   5.4000000e-01   3.1240857e-01   4.0113582e+03
   5.5000000e-01   3.3348169e-01   4.0031759e+03
   5.6000000e-01   3.5501946e-01   3.9954864e+03
   5.7000000e-01   3.7702066e-01   3.9882497e+03
   5.8000000e-01   3.9948420e-01   3.9814298e+03
   5.9000000e-01   4.2240901e-01   3.9749940e+03
   6.0000000e-01   4.4579410e-01   3.9689127e+03
   6.1000000e-01   4.6963852e-01   3.9631588e+03
   6.2000000e-01   4.9394139e-01   3.9577076e+03
   6.3000000e-01   5.1870187e-01   3.9525367e+03
   6.4000000e-01   5.4391914e-01   3.9476253e+03
   6.5000000e-01   5.6959246e-01   3.9429545e+03
   6.6000000e-01   5.9572110e-01   3.9385070e+03
   6.7000000e-01   6.2230437e-01   3.9342667e+03
   6.8000000e-01   6.4934162e-01   3.9302190e+03
   6.9000000e-01   6.7683221e-01   3.9263502e+03
   7.0000000e-01   7.0477556e-01   3.9226479e+03
   7.1000000e-01   7.3317109e-01   3.9191005e+03
   7.2000000e-01   7.6201825e-01   3.9156974e+03
   7.3000000e-01   7.9131651e-01   3.9124289e+03
   7.4000000e-01   8.2106536e-01   3.9092860e+03
   7.5000000e-01   8.5126433e-01   3.9062607e+03
   7.6000000e-01   8.8191294e-01   3.9033460e+03
   7.7000000e-01   9.1301074e-01   3.9005375e+03
   7.8000000e-01   9.4455730e-01   3.8978369e+03
   7.9000000e-01   9.7655220e-01   3.8952671e+03
   8.0000000e-01   1.0089950e+00   3.8929249e+03
   8.1000000e-01   1.0418855e+00   3.8911766e+03
   8.2000000e-01   1.0752232e+00   3.8913894e+03
   8.3000000e-01   1.1090083e+00   3.8987146e+03
   8.4000000e-01   1.1432418e+00   3.9328589e+03
   8.5000000e-01   1.1779291e+00   4.0705009e+03
   8.6000000e-01   1.2130915e+00   4.6156782e+03
   8.7000000e-01   1.2488132e+00   6.8047130e+03
   8.8000000e-01   1.2854331e+00   1.5920763e+04
   8.9000000e-01   1.3243614e+00   5.8051194e+04
   9.0000000e-01   1.3721164e+00   3.4645643e+05
   9.1000000e-01   1.3960385e+00   8.6649516e+05
   9.2000000e-01   1.3993053e+00   9.8175195e+05
   9.3000000e-01   1.3997489e+00   9.9765194e+05
   9.4000000e-01   1.3998293e+00   9.9970023e+05
   9.5000000e-01   1.3998632e+00   9.9996177e+05
   9.6000000e-01   1.3998912e+00   9.9999512e+05
   9.7000000e-01   1.3999185e+00   9.9999938e+05
   9.8000000e-01   1.3999457e+00   9.9999992e+05
   9.9000000e-01   1.3999728e+00   9.9999999e+05
   1.0000000e+00   1.4000000e+00   1.0000000e+06
