   0.0000000e+00   0.0000000e+00   1.0000000e+06
   1.0000000e-02   1.2010509e-05   9.9999999e+05
   2.0000000e-02   2.4019727e-05   9.9999993e+05
   3.0000000e-02   3.6018653e-05   9.9999948e+05
   4.0000000e-02   4.7936783e-05   9.9999590e+05
   5.0000000e-02   5.9220833e-05   9.9996784e+05
   6.0000000e-02   6.5528751e-05   9.9974762e+05
   7.0000000e-02   3.2789157e-05   9.9802121e+05
   8.0000000e-02  -3.0609933e-04   9.8458643e+05
   9.0000000e-02  -3.0297029e-03   8.8583574e+05
   1.0000000e-01  -2.3416269e-02   4.0221763e+05
   1.1000000e-01  -5.9008626e-02   1.0049375e+05
   1.2000000e-01  -7.9207774e-02   4.5105557e+04
   1.3000000e-01  -9.2583115e-02   2.6142990e+04
   1.4000000e-01  -1.0206845e-01   1.7480302e+04
   1.5000000e-01  -1.0900403e-01   1.2806467e+04
   1.6000000e-01  -1.1411297e-01   9.9962991e+03
   1.7000000e-01  -1.1783004e-01   8.1728013e+03
   1.8000000e-01  -1.2043737e-01   6.9204427e+03
   1.9000000e-01  -1.2212872e-01   6.0216092e+03
   2.0000000e-01  -1.2304314e-01   5.3533511e+03
   2.1000000e-01  -1.2328404e-01   4.8419423e+03
   2.2000000e-01  -1.2293053e-01   4.4409966e+03
   2.3000000e-01  -1.2204464e-01   4.1201479e+03
   2.4000000e-01  -1.2067602e-01   3.8588408e+03
   2.5000000e-01  -1.1886510e-01   3.6427576e+03
   2.6000000e-01  -1.1664529e-01   3.4616746e+03
   2.7000000e-01  -1.1404463e-01   3.3081312e+03
   2.8000000e-01  -1.1108687e-01   3.1765773e+03
   2.9000000e-01  -1.0779235e-01   3.0628133e+03
   3.0000000e-01  -1.0417869e-01   2.9636119e+03
   3.1000000e-01  -1.0026123e-01   2.8764586e+03
   3.2000000e-01  -9.6053445e-02   2.7993696e+03
   3.3000000e-01  -9.1567274e-02   2.7307620e+03
   3.4000000e-01  -8.6813327e-02   2.6693591e+03
   3.5000000e-01  -8.1801105e-02   2.6141218e+03
   3.6000000e-01  -7.6539154e-02   2.5641966e+03
   3.7000000e-01  -7.1035198e-02   2.5188768e+03
   3.8000000e-01  -6.5296247e-02   2.4775729e+03
   3.9000000e-01  -5.9328694e-02   2.4397895e+03
   4.0000000e-01  -5.3138383e-02   2.4051080e+03
   4.1000000e-01  -4.6730681e-02   2.3731721e+03
   4.2000000e-01  -4.0110527e-02   2.3436770e+03
   4.3000000e-01  -3.3282486e-02   2.3163606e+03
   4.4000000e-01  -2.6250784e-02   2.2909964e+03
   4.5000000e-01  -1.9019346e-02   2.2673875e+03
   4.6000000e-01  -1.1591822e-02   2.2453625e+03
   4.7000000e-01  -3.9716223e-03   2.2247711e+03
   4.8000000e-01   3.8380685e-03   2.2054810e+03
   4.9000000e-01   1.1834266e-02   2.1873757e+03
   5.0000000e-01   2.0014168e-02   2.1703519e+03
   5.1000000e-01   2.8375142e-02   2.1543178e+03
   5.2000000e-01   3.6914706e-02   2.1391917e+03
   5.3000000e-01   4.5630521e-02   2.1249005e+03
   5.4000000e-01   5.4520376e-02   2.1113787e+03
   5.5000000e-01   6.3582177e-02   2.0985675e+03
   5.6000000e-01   7.2813944e-02   2.0864140e+03
   5.7000000e-01   8.2213796e-02   2.0748705e+03
   5.8000000e-01   9.1779947e-02   2.0638942e+03
   5.9000000e-01   1.0151070e-01   2.0534462e+03
   6.0000000e-01   1.1140443e-01   2.0434922e+03
   6.1000000e-01   1.2145961e-01   2.0340013e+03
   6.2000000e-01   1.3167477e-01   2.0249469e+03
   6.3000000e-01   1.4204850e-01   2.0163066e+03
   6.4000000e-01   1.5257947e-01   2.0080630e+03
   6.5000000e-01   1.6326640e-01   2.0002055e+03
   6.6000000e-01   1.7410808e-01   1.9927321e+03
   6.7000000e-01   1.8510335e-01   1.9856543e+03
   6.8000000e-01   1.9625112e-01   1.9790031e+03
   6.9000000e-01   2.0755035e-01   1.9728409e+03
   7.0000000e-01   2.1900010e-01   1.9672796e+03
   7.1000000e-01   2.3059949e-01   1.9625110e+03
   7.2000000e-01   2.4234781e-01   1.9588577e+03
   7.3000000e-01   2.5424447e-01   1.9568568e+03
   7.4000000e-01   2.6628918e-01   1.9574012e+03
   7.5000000e-01   2.7848201e-01   1.9619758e+03
   7.6000000e-01   2.9082367e-01   1.9730579e+03
   7.7000000e-01   3.0331588e-01   1.9948003e+03
   7.8000000e-01   3.1596200e-01   2.0342030e+03
   7.9000000e-01   3.2876812e-01   2.1031496e+03
   8.0000000e-01   3.4174492e-01   2.2219934e+03
   8.1000000e-01   3.5491079e-01   2.4260007e+03
   8.2000000e-01   3.6829727e-01   2.7772637e+03
   8.3000000e-01   3.8195873e-01   3.3876700e+03
   8.4000000e-01   3.9598959e-01   4.4659641e+03
   8.5000000e-01   4.1055670e-01   6.4228683e+03
   8.6000000e-01   4.2596280e-01   1.0135669e+04
   8.7000000e-01   4.4278233e-01   1.7732226e+04
   8.8000000e-01   4.6219060e-01   3.5514682e+04
   8.9000000e-01   4.8693881e-01   8.9537728e+04
   9.0000000e-01   5.2538517e-01   3.8923491e+05
   9.1000000e-01   5.4661712e-01   8.8129673e+05
   9.2000000e-01   5.4948384e-01   9.8391731e+05
   9.3000000e-01   5.4986233e-01   9.9793352e+05
   9.4000000e-01   5.4992110e-01   9.9973630e+05
   9.5000000e-01   5.4993908e-01   9.9996638e+05
   9.6000000e-01   5.4995185e-01   9.9999571e+05
   9.7000000e-01   5.4996395e-01   9.9999945e+05
   9.8000000e-01   5.4997598e-01   9.9999993e+05
   9.9000000e-01   5.4998799e-01   9.9999999e+05
   1.0000000e+00   5.5000000e-01   1.0000000e+06
