   0.0000000e+00   0.0000000e+00   1.0000000e+06
   1.0000000e-02   2.0250381e-05   9.9999999e+05
   2.0000000e-02   4.0499482e-05   9.9999993e+05
   3.0000000e-02   6.0738367e-05   9.9999948e+05
   4.0000000e-02   8.0897052e-05   9.9999593e+05
   5.0000000e-02   1.0042623e-04   9.9996806e+05
   6.0000000e-02   1.1501440e-04   9.9974936e+05
   7.0000000e-02   9.0824598e-05   9.9803455e+05
   8.0000000e-02  -2.3745084e-04   9.8468680e+05
   9.0000000e-02  -2.9349132e-03   8.8649854e+05
   1.0000000e-01  -2.3192793e-02   4.0386836e+05
   1.1000000e-01  -5.8401069e-02   1.0156880e+05
   1.2000000e-01  -7.8049808e-02   4.5960151e+04
   1.3000000e-01  -9.0742523e-02   2.6893565e+04
   1.4000000e-01  -9.9429106e-02   1.8184217e+04
   1.5000000e-01  -1.0545703e-01   1.3495458e+04
   1.6000000e-01  -1.0955171e-01   1.0688252e+04
   1.7000000e-01  -1.1214747e-01   8.8773508e+03
   1.8000000e-01  -1.1352448e-01   7.6422158e+03
   1.9000000e-01  -1.1387384e-01   6.7622777e+03
   2.0000000e-01  -1.1333169e-01   6.1129393e+03
   2.1000000e-01  -1.1199849e-01   5.6196285e+03
   2.2000000e-01  -1.0995056e-01   5.2355835e+03
   2.3000000e-01  -1.0724732e-01   4.9303220e+03
   2.4000000e-01  -1.0393600e-01   4.6833091e+03
   2.5000000e-01  -1.0005482e-01   4.4803116e+03
   2.6000000e-01  -9.5635174e-02   4.3112157e+03
   2.7000000e-01  -9.0703235e-02   4.1686757e+03
   2.8000000e-01  -8.5281054e-02   4.0472513e+03
   2.9000000e-01  -7.9387417e-02   3.9428425e+03
   3.0000000e-01  -7.3038477e-02   3.8523110e+03
   3.1000000e-01  -6.6248240e-02   3.7732200e+03
   3.2000000e-01  -5.9028944e-02   3.7036536e+03
   3.3000000e-01  -5.1391351e-02   3.6420872e+03
   3.4000000e-01  -4.3344986e-02   3.5872953e+03
   3.5000000e-01  -3.4898328e-02   3.5382824e+03
   3.6000000e-01  -2.6058958e-02   3.4942333e+03
   3.7000000e-01  -1.6833691e-02   3.4544743e+03
   3.8000000e-01  -7.2286804e-03   3.4184450e+03
   3.9000000e-01   2.7505012e-03   3.3856752e+03
   4.0000000e-01   1.3098783e-02   3.3557685e+03
   4.1000000e-01   2.3811539e-02   3.3283880e+03
   4.2000000e-01   3.4884532e-02   3.3032464e+03
   4.3000000e-01   4.6313873e-02   3.2800968e+03
   4.4000000e-01   5.8095979e-02   3.2587262e+03
   4.5000000e-01   7.0227545e-02   3.2389502e+03
   4.6000000e-01   8.2705511e-02   3.2206081e+03
   4.7000000e-01   9.5527040e-02   3.2035593e+03
   4.8000000e-01   1.0868949e-01   3.1876805e+03
   4.9000000e-01   1.2219041e-01   3.1728630e+03
   5.0000000e-01   1.3602751e-01   3.1590109e+03
   5.1000000e-01   1.5019864e-01   3.1460390e+03
   5.2000000e-01   1.6470179e-01   3.1338713e+03
   5.3000000e-01   1.7953509e-01   3.1224403e+03
   5.4000000e-01   1.9469676e-01   3.1116854e+03
   5.5000000e-01   2.1018514e-01   3.1015522e+03
   5.6000000e-01   2.2599866e-01   3.0919918e+03
   5.7000000e-01   2.4213584e-01   3.0829601e+03
   5.8000000e-01   2.5859529e-01   3.0744173e+03
   5.9000000e-01   2.7537569e-01   3.0663272e+03
   6.0000000e-01   2.9247578e-01   3.0586570e+03
   6.1000000e-01   3.0989437e-01   3.0513769e+03
   6.2000000e-01   3.2763034e-01   3.0444596e+03
   6.3000000e-01   3.4568263e-01   3.0378805e+03
   6.4000000e-01   3.6405020e-01   3.0316167e+03
   6.5000000e-01   3.8273210e-01   3.0256475e+03
   6.6000000e-01   4.0172739e-01   3.0199538e+03
   6.7000000e-01   4.2103521e-01   3.0145182e+03
   6.8000000e-01   4.4065469e-01   3.0093246e+03
   6.9000000e-01   4.6058506e-01   3.0043583e+03
   7.0000000e-01   4.8082553e-01   2.9996060e+03
   7.1000000e-01   5.0137536e-01   2.9950558e+03
   7.2000000e-01   5.2223387e-01   2.9906978e+03
   7.3000000e-01   5.4340036e-01   2.9865251e+03
   7.4000000e-01   5.6487420e-01   2.9825367e+03
   7.5000000e-01   5.8665477e-01   2.9787454e+03
   7.6000000e-01   6.0874148e-01   2.9751949e+03
   7.7000000e-01   6.3113379e-01   2.9720049e+03
   7.8000000e-01   6.5383119e-01   2.9694830e+03
   7.9000000e-01   6.7683330e-01   2.9684071e+03
   8.0000000e-01   7.0013996e-01   2.9707503e+03
   8.1000000e-01   7.2375152e-01   2.9815559e+03
   8.2000000e-01   7.4766966e-01   3.0138472e+03
   8.3000000e-01   7.7189937e-01   3.1016483e+03
   8.4000000e-01   7.9645424e-01   3.3350384e+03
   8.5000000e-01   8.2137037e-01   3.9565775e+03
   8.6000000e-01   8.4674393e-01   5.6367202e+03
   8.7000000e-01   8.7283487e-01   1.0323370e+04
   8.8000000e-01   9.0036827e-01   2.4334928e+04
   8.9000000e-01   9.3151194e-01   7.4217956e+04
   9.0000000e-01   9.7398356e-01   3.7059136e+05
   9.1000000e-01   9.9635631e-01   8.7502645e+05
   9.2000000e-01   9.9939374e-01   9.8300351e+05
   9.3000000e-01   9.9980155e-01   9.9781470e+05
   9.4000000e-01   9.9987127e-01   9.9972107e+05
   9.5000000e-01   9.9989783e-01   9.9996443e+05
   9.6000000e-01   9.9991888e-01   9.9999546e+05
   9.7000000e-01   9.9993923e-01   9.9999942e+05
   9.8000000e-01   9.9995950e-01   9.9999993e+05
   9.9000000e-01   9.9997975e-01   9.9999999e+05
   1.0000000e+00   1.0000000e+00   1.0000000e+06
