   0.0000000e+00   0.0000000e+00   1.0000000e+06
   1.0000000e-02   1.5760374e-05   9.9999999e+05
   2.0000000e-02   3.1519463e-05   9.9999993e+05
   3.0000000e-02   4.7268295e-05   9.9999948e+05
   4.0000000e-02   6.2936609e-05   9.9999592e+05
   5.0000000e-02   7.7972983e-05   9.9996794e+05
   6.0000000e-02   8.8049663e-05   9.9974843e+05
   7.0000000e-02   5.9205048e-05   9.9802746e+05
   8.0000000e-02  -2.7482186e-04   9.8463348e+05
   9.0000000e-02  -2.9862850e-03   8.8614677e+05
   1.0000000e-01  -2.3312590e-02   4.0299751e+05
   1.1000000e-01  -5.8724026e-02   1.0100934e+05
   1.2000000e-01  -7.8662484e-02   4.5517681e+04
   1.3000000e-01  -9.1713373e-02   2.6504369e+04
   1.4000000e-01  -1.0081834e-01   1.7816924e+04
   1.5000000e-01  -1.0732148e-01   1.3132786e+04
   1.6000000e-01  -1.1194749e-01   1.0320611e+04
   1.7000000e-01  -1.1513145e-01   8.4997683e+03
   1.8000000e-01  -1.1715509e-01   7.2525179e+03
   1.9000000e-01  -1.1821137e-01   6.3599191e+03
   2.0000000e-01  -1.1843838e-01   5.6982513e+03
   2.1000000e-01  -1.1793850e-01   5.1933625e+03
   2.2000000e-01  -1.1678985e-01   4.7986490e+03
   2.3000000e-01  -1.1505349e-01   4.4836481e+03
   2.4000000e-01  -1.1277815e-01   4.2277756e+03
   2.5000000e-01  -1.1000343e-01   4.0167210e+03
   2.6000000e-01  -1.0676197e-01   3.8402854e+03
   2.7000000e-01  -1.0308108e-01   3.6910403e+03
   2.8000000e-01  -9.8983838e-02   3.5634698e+03
   2.9000000e-01  -9.4489992e-02   3.4534069e+03
   3.0000000e-01  -8.9616566e-02   3.3576546e+03
   3.1000000e-01  -8.4378375e-02   3.2737256e+03
   3.2000000e-01  -7.8788404e-02   3.1996604e+03
   3.3000000e-01  -7.2858111e-02   3.1338971e+03
   3.4000000e-01  -6.6597672e-02   3.0751778e+03
   3.5000000e-01  -6.0016171e-02   3.0224794e+03
   3.6000000e-01  -5.3121762e-02   2.9749626e+03
   3.7000000e-01  -4.5921795e-02   2.9319329e+03
   3.8000000e-01  -3.8422929e-02   2.8928117e+03
   3.9000000e-01  -3.0631216e-02   2.8571130e+03
   4.0000000e-01  -2.2552179e-02   2.8244264e+03
   4.1000000e-01  -1.4190875e-02   2.7944030e+03
   4.2000000e-01  -5.5519494e-03   2.7667444e+03
   4.3000000e-01   3.3603186e-03   2.7411941e+03
   4.4000000e-01   1.2541976e-02   2.7175308e+03
   4.5000000e-01   2.1989362e-02   2.6955622e+03
   4.6000000e-01   3.1699077e-02   2.6751207e+03
   4.7000000e-01   4.1667959e-02   2.6560597e+03
   4.8000000e-01   5.1893059e-02   2.6382503e+03
   4.9000000e-01   6.2371622e-02   2.6215788e+03
   5.0000000e-01   7.3101067e-02   2.6059447e+03
   5.1000000e-01   8.4078977e-02   2.5912585e+03
   5.2000000e-01   9.5303079e-02   2.5774406e+03
   5.3000000e-01   1.0677124e-01   2.5644201e+03
   5.4000000e-01   1.1848143e-01   2.5521330e+03
   5.5000000e-01   1.3043177e-01   2.5405222e+03
   5.6000000e-01   1.4262044e-01   2.5295362e+03
   5.7000000e-01   1.5504576e-01   2.5191282e+03
   5.8000000e-01   1.6770611e-01   2.5092563e+03
   5.9000000e-01   1.8059997e-01   2.4998822e+03
   6.0000000e-01   1.9372588e-01   2.4909711e+03
   6.1000000e-01   2.0708247e-01   2.4824915e+03
   6.2000000e-01   2.2066843e-01   2.4744146e+03
   6.3000000e-01   2.3448249e-01   2.4667141e+03
   6.4000000e-01   2.4852348e-01   2.4593661e+03
   6.5000000e-01   2.6279026e-01   2.4523489e+03
   6.6000000e-01   2.7728174e-01   2.4456431e+03
   6.7000000e-01   2.9199688e-01   2.4392316e+03
   6.8000000e-01   3.0693469e-01   2.4331002e+03
   6.9000000e-01   3.2209422e-01   2.4272388e+03
   7.0000000e-01   3.3747457e-01   2.4216433e+03
   7.1000000e-01   3.5307487e-01   2.4163206e+03
   7.2000000e-01   3.6889430e-01   2.4112970e+03
   7.3000000e-01   3.8493207e-01   2.4066353e+03
   7.4000000e-01   4.0118748e-01   2.4024688e+03
   7.5000000e-01   4.1765986e-01   2.3990678e+03
   7.6000000e-01   4.3434871e-01   2.3969736e+03
   7.7000000e-01   4.5125369e-01   2.3972661e+03
   7.8000000e-01   4.6837484e-01   2.4021076e+03
   7.9000000e-01   4.8571292e-01   2.4158513e+03
   8.0000000e-01   5.0327006e-01   2.4473268e+03
   8.1000000e-01   5.2105112e-01   2.5145958e+03
   8.2000000e-01   5.3906652e-01   2.6549814e+03
   8.3000000e-01   5.5733796e-01   2.9466102e+03
   8.4000000e-01   5.7591057e-01   3.5560331e+03
   8.5000000e-01   5.9487864e-01   4.8487239e+03
   8.6000000e-01   6.1444217e-01   7.6678332e+03
   8.7000000e-01   6.3503732e-01   1.4144195e+04
   8.8000000e-01   6.5766607e-01   3.0654550e+04
   8.9000000e-01   6.8488284e-01   8.3427838e+04
   9.0000000e-01   7.2485245e-01   3.8216192e+05
   9.1000000e-01   7.4651335e-01   8.7894229e+05
   9.2000000e-01   7.4944477e-01   9.8357456e+05
   9.3000000e-01   7.4983492e-01   9.9788894e+05
   9.4000000e-01   7.4989845e-01   9.9973058e+05
   9.5000000e-01   7.4992031e-01   9.9996565e+05
   9.6000000e-01   7.4993684e-01   9.9999562e+05
   9.7000000e-01   7.4995270e-01   9.9999944e+05
   9.8000000e-01   7.4996848e-01   9.9999993e+05
   9.9000000e-01   7.4998424e-01   9.9999999e+05
   1.0000000e+00   7.5000000e-01   1.0000000e+06
