   0.0000000e+00   0.0000000e+00   1.0000000e+06
   8.0000000e-03   3.7027841e-05   1.0000000e+06
   1.6000000e-02   7.4055501e-05   9.9999999e+05
   2.4000000e-02   1.1108210e-04   9.9999994e+05
   3.2000000e-02   1.4810269e-04   9.9999966e+05
   4.0000000e-02   1.8508937e-04   9.9999806e+05
   4.8000000e-02   2.2188440e-04   9.9998907e+05
   5.6000000e-02   2.5759668e-04   9.9993822e+05
   6.4000000e-02   2.8719179e-04   9.9965102e+05
   7.2000000e-02   2.8223143e-04   9.9803010e+05
   8.0000000e-02   8.2216014e-05   9.8892741e+05
   8.8000000e-02  -1.2141831e-03   9.3921612e+05
   9.6000000e-02  -8.5292691e-03   7.0609334e+05
   1.0400000e-01  -4.4946352e-02   1.6811293e+05
   1.1200000e-01  -6.4816276e-02   7.4444367e+04
   1.2000000e-01  -7.7413899e-02   4.3029243e+04
   1.2800000e-01  -8.5849879e-02   2.8890968e+04
   1.3600000e-01  -9.1524156e-02   2.1396879e+04
   1.4400000e-01  -9.5178778e-02   1.6997986e+04
   1.5200000e-01  -9.7249315e-02   1.4230509e+04
   1.6000000e-01  -9.8009795e-02   1.2397476e+04
   1.6800000e-01  -9.7641722e-02   1.1132109e+04
   1.7600000e-01  -9.6270390e-02   1.0227526e+04
   1.8400000e-01  -9.3985369e-02   9.5610566e+03
   1.9200000e-01  -9.0852650e-02   9.0570242e+03
   2.0000000e-01  -8.6922142e-02   8.6671153e+03
   2.0800000e-01  -8.2232454e-02   8.3595147e+03
   2.1600000e-01  -7.6814042e-02   8.1126718e+03
   2.2400000e-01  -7.0691349e-02   7.9116109e+03
   2.3200000e-01  -6.3884283e-02   7.7456824e+03
   2.4000000e-01  -5.6409275e-02   7.6071539e+03
   2.4800000e-01  -4.8280040e-02   7.4903053e+03
   2.5600000e-01  -3.9508150e-02   7.3908338e+03
   2.6400000e-01  -3.0103453e-02   7.3054529e+03
   2.7200000e-01  -2.0074404e-02   7.2316183e+03
   2.8000000e-01  -9.4283141e-03   7.1673351e+03
   2.8800000e-01   1.8284521e-03   7.1110217e+03
   2.9600000e-01   1.3690318e-02   7.0614112e+03
   3.0400000e-01   2.6152372e-02   7.0174789e+03
   3.1200000e-01   3.9210264e-02   6.9783890e+03
   3.2000000e-01   5.2860123e-02   6.9434541e+03
   3.2800000e-01   6.7098489e-02   6.9121047e+03
   3.3600000e-01   8.1922259e-02   6.8838660e+03
   3.4400000e-01   9.7328637e-02   6.8583389e+03
   3.5200000e-01   1.1331509e-01   6.8351868e+03
   3.6000000e-01   1.2987934e-01   6.8141236e+03
   3.6800000e-01   1.4701929e-01   6.7949052e+03
   3.7600000e-01   1.6473303e-01   6.7773219e+03
   3.8400000e-01   1.8301884e-01   6.7611934e+03
   3.9200000e-01   2.0187510e-01   6.7463632e+03
   4.0000000e-01   2.2130036e-01   6.7326956e+03
   4.0800000e-01   2.4129325e-01   6.7200719e+03
   4.1600000e-01   2.6185254e-01   6.7083885e+03
   4.2400000e-01   2.8297706e-01   6.6975541e+03
   4.3200000e-01   3.0466573e-01   6.6874883e+03
   4.4000000e-01   3.2691757e-01   6.6781199e+03
   4.4800000e-01   3.4973165e-01   6.6693859e+03
   4.5600000e-01   3.7310709e-01   6.6612300e+03
   4.6400000e-01   3.9704310e-01   6.6536024e+03
   4.7200000e-01   4.2153891e-01   6.6464580e+03
   4.8000000e-01   4.4659383e-01   6.6397569e+03
   4.8800000e-01   4.7220718e-01   6.6334628e+03
   4.9600000e-01   4.9837834e-01   6.6275434e+03
   5.0400000e-01   5.2510673e-01   6.6219692e+03
   5.1200000e-01   5.5239180e-01   6.6167138e+03
   5.2000000e-01   5.8023302e-01   6.6117530e+03
   5.2800000e-01   6.0862990e-01   6.6070650e+03
   5.3600000e-01   6.3758199e-01   6.6026300e+03
   5.4400000e-01   6.6708883e-01   6.5984298e+03
   5.5200000e-01   6.9715002e-01   6.5944480e+03
   5.6000000e-01   7.2776516e-01   6.5906694e+03
   5.6800000e-01   7.5893387e-01   6.5870802e+03
   5.7600000e-01   7.9065581e-01   6.5836678e+03
   5.8400000e-01   8.2293063e-01   6.5804206e+03
   5.9200000e-01   8.5575800e-01   6.5773283e+03
   6.0000000e-01   8.8913764e-01   6.5743821e+03
   6.0800000e-01   9.2306923e-01   6.5715768e+03
   6.1600000e-01   9.5755252e-01   6.5689196e+03
   6.2400000e-01   9.9258722e-01   6.5664637e+03
   6.3200000e-01   1.0281731e+00   6.5644481e+03
   6.4000000e-01   1.0643100e+00   6.5638802e+03
   6.4800000e-01   1.1009978e+00   6.5690229e+03
   6.5600000e-01   1.1382370e+00   6.5982148e+03
   6.6400000e-01   1.1760305e+00   6.7319540e+03
   6.7200000e-01   1.2143916e+00   7.3313547e+03
   6.8000000e-01   1.2533796e+00   1.0059055e+04
   6.8800000e-01   1.2932647e+00   2.2916996e+04
   6.9600000e-01   1.3353199e+00   8.9591055e+04
   7.0400000e-01   1.3861472e+00   5.9768168e+05
   7.1200000e-01   1.3971378e+00   9.0974987e+05
   7.2000000e-01   1.3991920e+00   9.8326369e+05
   7.2800000e-01   1.3995891e+00   9.9700931e+05
   7.3600000e-01   1.3996900e+00   9.9946914e+05
   7.4400000e-01   1.3997384e+00   9.9990588e+05
   7.5200000e-01   1.3997774e+00   9.9998332e+05
   7.6000000e-01   1.3998148e+00   9.9999704e+05
   7.6800000e-01   1.3998519e+00   9.9999948e+05
   7.7600000e-01   1.3998889e+00   9.9999991e+05
   7.8400000e-01   1.3999259e+00   9.9999998e+05
   7.9200000e-01   1.3999630e+00   1.0000000e+06
   8.0000000e-01   1.4000000e+00   1.0000000e+06
