   0.0000000e+00   0.0000000e+00   1.0000000e+06
   8.0000000e-03   3.3657885e-06   1.0000000e+06
   1.6000000e-02   6.7313858e-06   9.9999999e+05
   2.4000000e-02   1.0095870e-05   9.9999994e+05
   3.2000000e-02   1.3454064e-05   9.9999964e+05
   4.0000000e-02   1.6776737e-05   9.9999797e+05
   4.8000000e-02   1.9898849e-05   9.9998856e+05
   5.6000000e-02   2.1888534e-05   9.9993543e+05
   6.4000000e-02   1.7484359e-05   9.9963546e+05
   7.2000000e-02  -2.3015460e-05   9.9794370e+05
   8.0000000e-02  -2.6712580e-04   9.8845269e+05
   8.8000000e-02  -1.6546253e-03   9.3676306e+05
   9.6000000e-02  -9.3037089e-03   6.9703049e+05
   1.0400000e-01  -4.6952173e-02   1.6245685e+05
   1.1200000e-01  -6.8613531e-02   7.0045635e+04
   1.2000000e-01  -8.3438141e-02   3.9243189e+04
   1.2800000e-01  -9.4475994e-02   2.5395683e+04
   1.3600000e-01  -1.0309824e-01   1.8004406e+04
   1.4400000e-01  -1.1003675e-01   1.3593739e+04
   1.5200000e-01  -1.1572825e-01   1.0747248e+04
   1.6000000e-01  -1.2045460e-01   8.8003826e+03
   1.6800000e-01  -1.2440857e-01   7.4078211e+03
   1.7600000e-01  -1.2772806e-01   6.3756348e+03
   1.8400000e-01  -1.3051526e-01   5.5880555e+03
   1.9200000e-01  -1.3284816e-01   4.9724779e+03
   2.0000000e-01  -1.3478772e-01   4.4814745e+03
   2.0800000e-01  -1.3638255e-01   4.0829878e+03
   2.1600000e-01  -1.3767211e-01   3.7547089e+03
   2.2400000e-01  -1.3868890e-01   3.4807192e+03
   2.3200000e-01  -1.3946006e-01   3.2494087e+03
   2.4000000e-01  -1.4000848e-01   3.0521461e+03
   2.4800000e-01  -1.4035371e-01   2.8824048e+03
   2.5600000e-01  -1.4051254e-01   2.7351746e+03
   2.6400000e-01  -1.4049956e-01   2.6065575e+03
   2.7200000e-01  -1.4032751e-01   2.4934839e+03
   2.8000000e-01  -1.4000757e-01   2.3935102e+03
   2.8800000e-01  -1.3954965e-01   2.3046729e+03
   2.9600000e-01  -1.3896255e-01   2.2253801e+03
   3.0400000e-01  -1.3825410e-01   2.1543321e+03
   3.1200000e-01  -1.3743137e-01   2.0904605e+03
   3.2000000e-01  -1.3650065e-01   2.0328827e+03
   3.2800000e-01  -1.3546766e-01   1.9808670e+03
   3.3600000e-01  -1.3433755e-01   1.9338045e+03
   3.4400000e-01  -1.3311497e-01   1.8911891e+03
   3.5200000e-01  -1.3180416e-01   1.8526002e+03
   3.6000000e-01  -1.3040891e-01   1.8176905e+03
   3.6800000e-01  -1.2893271e-01   1.7861754e+03
   3.7600000e-01  -1.2737865e-01   1.7578259e+03
   3.8400000e-01  -1.2574956e-01   1.7324624e+03
   3.9200000e-01  -1.2404795e-01   1.7099506e+03
   4.0000000e-01  -1.2227603e-01   1.6901990e+03
   4.0800000e-01  -1.2043577e-01   1.6731567e+03
   4.1600000e-01  -1.1852886e-01   1.6588132e+03
   4.2400000e-01  -1.1655671e-01   1.6471992e+03
   4.3200000e-01  -1.1452048e-01   1.6383884e+03
   4.4000000e-01  -1.1242104e-01   1.6325001e+03
   4.4800000e-01  -1.1025897e-01   1.6297041e+03
   4.5600000e-01  -1.0803455e-01   1.6302264e+03
   4.6400000e-01  -1.0574772e-01   1.6343574e+03
   4.7200000e-01  -1.0339808e-01   1.6424614e+03
   4.8000000e-01  -1.0098483e-01   1.6549901e+03
   4.8800000e-01  -9.8506717e-02   1.6724990e+03
   4.9600000e-01  -9.5962017e-02   1.6956684e+03
   5.0400000e-01  -9.3348434e-02   1.7253306e+03
   5.1200000e-01  -9.0663030e-02   1.7625049e+03
   5.2000000e-01  -8.7902125e-02   1.8084429e+03
   5.2800000e-01  -8.5061169e-02   1.8646885e+03
   5.3600000e-01  -8.2134594e-02   1.9331565e+03
   5.4400000e-01  -7.9115620e-02   2.0162395e+03
   5.5200000e-01  -7.5996020e-02   2.1169514e+03
   5.6000000e-01  -7.2765821e-02   2.2391276e+03
   5.6800000e-01  -6.9412928e-02   2.3877034e+03
   5.7600000e-01  -6.5922626e-02   2.5691128e+03
   5.8400000e-01  -6.2276955e-02   2.7918681e+03
   5.9200000e-01  -5.8453857e-02   3.0674213e+03
   6.0000000e-01  -5.4426047e-02   3.4114771e+03
   6.0800000e-01  -5.0159458e-02   3.8460490e+03
   6.1600000e-01  -4.5611059e-02   4.4027819e+03
   6.2400000e-01  -4.0725724e-02   5.1285183e+03
   6.3200000e-01  -3.5431593e-02   6.0950256e+03
   6.4000000e-01  -2.9632963e-02   7.4168542e+03
   6.4800000e-01  -2.3198950e-02   9.2861315e+03
   6.5600000e-01  -1.5944463e-02   1.2045454e+04
   6.6400000e-01  -7.5962788e-03   1.6355114e+04
   6.7200000e-01   2.2723352e-03   2.3624583e+04
   6.8000000e-01   1.4381186e-02   3.7317263e+04
   6.8800000e-01   3.0086093e-02   6.7907888e+04
   6.9600000e-01   5.2416073e-02   1.5999203e+05
   7.0400000e-01   9.0489097e-02   6.9384739e+05
   7.1200000e-01   9.8247557e-02   9.3592318e+05
   7.2000000e-01   9.9661270e-02   9.8829149e+05
   7.2800000e-01   9.9915632e-02   9.9791452e+05
   7.3600000e-01   9.9963494e-02   9.9963024e+05
   7.4400000e-01   9.9974742e-02   9.9993449e+05
   7.5200000e-01   9.9979504e-02   9.9998840e+05
   7.6000000e-01   9.9983118e-02   9.9999794e+05
   7.6800000e-01   9.9986527e-02   9.9999964e+05
   7.7600000e-01   9.9989901e-02   9.9999994e+05
   7.8400000e-01   9.9993268e-02   9.9999999e+05
   7.9200000e-01   9.9996634e-02   1.0000000e+06
   8.0000000e-01   1.0000000e-01   1.0000000e+06
